>>> 
 RESTART: G:\My Drive\Classes\CSS330\ClassUse\Assignments\Assignment-8+9-Part1\KelvinSung-AS8.py 
*******************************************************************
************** REMEMBER to include: random.seed(0) ***************
*******************************************************************
A: Testing data file reading
Testing reading: num_patients=3  num_features=3
    pvec3: [1, 1, 1]
    pmat3x3: [[17.99, 10.38, 122.8], [20.57, 17.77, 132.9], [19.69, 21.25, 130.0]]

Testing reading: num_patients=7  num_features=13
    pvec7: [1, 1, 1, 1, 1, 1, 1]
    pmat7x13: [[17.99, 10.38, 122.8, 1001.0, 0.1184, 0.2776, 0.3001, 0.1471, 0.2419, 0.07871, 1.095, 0.9053, 8.589], [20.57, 17.77, 132.9, 1326.0, 0.08474, 0.07864, 0.0869, 0.07017, 0.1812, 0.05667, 0.5435, 0.7339, 3.398], [19.69, 21.25, 130.0, 1203.0, 0.1096, 0.1599, 0.1974, 0.1279, 0.2069, 0.05999, 0.7456, 0.7869, 4.585], [11.42, 20.38, 77.58, 386.1, 0.1425, 0.2839, 0.2414, 0.1052, 0.2597, 0.09744, 0.4956, 1.156, 3.445], [20.29, 14.34, 135.1, 1297.0, 0.1003, 0.1328, 0.198, 0.1043, 0.1809, 0.05883, 0.7572, 0.7813, 5.438], [12.45, 15.7, 82.57, 477.1, 0.1278, 0.17, 0.1578, 0.08089, 0.2087, 0.07613, 0.3345, 0.8902, 2.217], [18.25, 19.98, 119.6, 1040.0, 0.09463, 0.109, 0.1127, 0.074, 0.1794, 0.05742, 0.4467, 0.7732, 3.18]]

Testing reading: num_patients=20  num_features=4
    pvec20: [1, 1, 1, 1, 1, 1, 1, 1, 1, 1, 1, 1, 1, 1, 1, 1, 1, 1, 1, -1]
    pmat20x4: [[17.99, 10.38, 122.8, 1001.0], [20.57, 17.77, 132.9, 1326.0], [19.69, 21.25, 130.0, 1203.0], [11.42, 20.38, 77.58, 386.1], [20.29, 14.34, 135.1, 1297.0], [12.45, 15.7, 82.57, 477.1], [18.25, 19.98, 119.6, 1040.0], [13.71, 20.83, 90.2, 577.9], [13.0, 21.82, 87.5, 519.8], [12.46, 24.04, 83.97, 475.9], [16.02, 23.24, 102.7, 797.8], [15.78, 17.89, 103.6, 781.0], [19.17, 24.8, 132.4, 1123.0], [15.85, 23.95, 103.7, 782.7], [13.73, 22.61, 93.6, 578.3], [14.54, 27.54, 96.73, 658.8], [14.68, 20.13, 94.74, 684.5], [16.13, 20.68, 108.1, 798.8], [19.81, 22.15, 130.0, 1260.0], [13.54, 14.36, 87.46, 566.3]]

Testing reading: num_patients=20  num_features=22
    pvec20: [1, 1, 1, 1, 1, 1, 1, 1, 1, 1, 1, 1, 1, 1, 1, 1, 1, 1, 1, -1]
    pmat20x22: [[17.99, 10.38, 122.8, 1001.0, 0.1184, 0.2776, 0.3001, 0.1471, 0.2419, 0.07871, 1.095, 0.9053, 8.589, 153.4, 0.006399, 0.04904, 0.05373, 0.01587, 0.03003, 0.006193, 25.38, 17.33], [20.57, 17.77, 132.9, 1326.0, 0.08474, 0.07864, 0.0869, 0.07017, 0.1812, 0.05667, 0.5435, 0.7339, 3.398, 74.08, 0.005225, 0.01308, 0.0186, 0.0134, 0.01389, 0.003532, 24.99, 23.41], [19.69, 21.25, 130.0, 1203.0, 0.1096, 0.1599, 0.1974, 0.1279, 0.2069, 0.05999, 0.7456, 0.7869, 4.585, 94.03, 0.00615, 0.04006, 0.03832, 0.02058, 0.0225, 0.004571, 23.57, 25.53], [11.42, 20.38, 77.58, 386.1, 0.1425, 0.2839, 0.2414, 0.1052, 0.2597, 0.09744, 0.4956, 1.156, 3.445, 27.23, 0.00911, 0.07458, 0.05661, 0.01867, 0.05963, 0.009208, 14.91, 26.5], [20.29, 14.34, 135.1, 1297.0, 0.1003, 0.1328, 0.198, 0.1043, 0.1809, 0.05883, 0.7572, 0.7813, 5.438, 94.44, 0.01149, 0.02461, 0.05688, 0.01885, 0.01756, 0.005115, 22.54, 16.67], [12.45, 15.7, 82.57, 477.1, 0.1278, 0.17, 0.1578, 0.08089, 0.2087, 0.07613, 0.3345, 0.8902, 2.217, 27.19, 0.00751, 0.03345, 0.03672, 0.01137, 0.02165, 0.005082, 15.47, 23.75], [18.25, 19.98, 119.6, 1040.0, 0.09463, 0.109, 0.1127, 0.074, 0.1794, 0.05742, 0.4467, 0.7732, 3.18, 53.91, 0.004314, 0.01382, 0.02254, 0.01039, 0.01369, 0.002179, 22.88, 27.66], [13.71, 20.83, 90.2, 577.9, 0.1189, 0.1645, 0.09366, 0.05985, 0.2196, 0.07451, 0.5835, 1.377, 3.856, 50.96, 0.008805, 0.03029, 0.02488, 0.01448, 0.01486, 0.005412, 17.06, 28.14], [13.0, 21.82, 87.5, 519.8, 0.1273, 0.1932, 0.1859, 0.09353, 0.235, 0.07389, 0.3063, 1.002, 2.406, 24.32, 0.005731, 0.03502, 0.03553, 0.01226, 0.02143, 0.003749, 15.49, 30.73], [12.46, 24.04, 83.97, 475.9, 0.1186, 0.2396, 0.2273, 0.08543, 0.203, 0.08243, 0.2976, 1.599, 2.039, 23.94, 0.007149, 0.07217, 0.07743, 0.01432, 0.01789, 0.01008, 15.09, 40.68], [16.02, 23.24, 102.7, 797.8, 0.08206, 0.06669, 0.03299, 0.03323, 0.1528, 0.05697, 0.3795, 1.187, 2.466, 40.51, 0.004029, 0.009269, 0.01101, 0.007591, 0.0146, 0.003042, 19.19, 33.88], [15.78, 17.89, 103.6, 781.0, 0.0971, 0.1292, 0.09954, 0.06606, 0.1842, 0.06082, 0.5058, 0.9849, 3.564, 54.16, 0.005771, 0.04061, 0.02791, 0.01282, 0.02008, 0.004144, 20.42, 27.28], [19.17, 24.8, 132.4, 1123.0, 0.0974, 0.2458, 0.2065, 0.1118, 0.2397, 0.078, 0.9555, 3.568, 11.07, 116.2, 0.003139, 0.08297, 0.0889, 0.0409, 0.04484, 0.01284, 20.96, 29.94], [15.85, 23.95, 103.7, 782.7, 0.08401, 0.1002, 0.09938, 0.05364, 0.1847, 0.05338, 0.4033, 1.078, 2.903, 36.58, 0.009769, 0.03126, 0.05051, 0.01992, 0.02981, 0.003002, 16.84, 27.66], [13.73, 22.61, 93.6, 578.3, 0.1131, 0.2293, 0.2128, 0.08025, 0.2069, 0.07682, 0.2121, 1.169, 2.061, 19.21, 0.006429, 0.05936, 0.05501, 0.01628, 0.01961, 0.008093, 15.03, 32.01], [14.54, 27.54, 96.73, 658.8, 0.1139, 0.1595, 0.1639, 0.07364, 0.2303, 0.07077, 0.37, 1.033, 2.879, 32.55, 0.005607, 0.0424, 0.04741, 0.0109, 0.01857, 0.005466, 17.46, 37.13], [14.68, 20.13, 94.74, 684.5, 0.09867, 0.072, 0.07395, 0.05259, 0.1586, 0.05922, 0.4727, 1.24, 3.195, 45.4, 0.005718, 0.01162, 0.01998, 0.01109, 0.0141, 0.002085, 19.07, 30.88], [16.13, 20.68, 108.1, 798.8, 0.117, 0.2022, 0.1722, 0.1028, 0.2164, 0.07356, 0.5692, 1.073, 3.854, 54.18, 0.007026, 0.02501, 0.03188, 0.01297, 0.01689, 0.004142, 20.96, 31.48], [19.81, 22.15, 130.0, 1260.0, 0.09831, 0.1027, 0.1479, 0.09498, 0.1582, 0.05395, 0.7582, 1.017, 5.865, 112.4, 0.006494, 0.01893, 0.03391, 0.01521, 0.01356, 0.001997, 27.32, 30.88], [13.54, 14.36, 87.46, 566.3, 0.09779, 0.08129, 0.06664, 0.04781, 0.1885, 0.05766, 0.2699, 0.7886, 2.058, 23.56, 0.008462, 0.0146, 0.02387, 0.01315, 0.0198, 0.0023, 15.11, 19.26]]

Testing reading: num_patients=-1  num_features=-1
    pvec-1: [1, 1, 1, 1, 1, 1, 1, 1, 1, 1, 1, 1, 1, 1, 1, 1, 1, 1, 1, -1, -1, -1, 1, 1, 1, 1, 1, 1, 1, 1, 1, 1, 1, 1, 1, 1, 1, -1, 1, 1, 1, 1, 1, 1, 1, 1, -1, 1, -1, -1, -1, -1, -1, 1, 1, -1, 1, 1, -1, -1, -1, -1, 1, -1, 1, 1, -1, -1, -1, -1, 1, -1, 1, 1, -1, 1, -1, 1, 1, -1, -1, -1, 1, 1, -1, 1, 1, 1, -1, -1, -1, 1, -1, -1, 1, 1, -1, -1, -1, 1, 1, -1, -1, -1, -1, 1, -1, -1, 1, -1, -1, -1, -1, -1, -1, -1, -1, 1, 1, 1, -1, 1, 1, -1, -1, -1, 1, 1, -1, 1, -1, 1, 1, -1, 1, 1, -1, -1, 1, -1, -1, 1, -1, -1, -1, -1, 1, -1, -1, -1, -1, -1, -1, -1, -1, -1, 1, -1, -1, -1, -1, 1, 1, -1, 1, -1, -1, 1, 1, -1, -1, 1, 1, -1, -1, -1, -1, 1, -1, -1, 1, 1, 1, -1, 1, -1, 1, -1, -1, -1, 1, -1, -1, 1, 1, -1, 1, 1, 1, 1, -1, 1, 1, 1, -1, 1, -1, 1, -1, -1, 1, -1, 1, 1, 1, 1, -1, -1, 1, 1, -1, -1, -1, 1, -1, -1, -1, -1, -1, 1, 1, -1, -1, 1, -1, -1, 1, 1, -1, 1, -1, -1, -1, -1, 1, -1, -1, -1, -1, -1, 1, -1, 1, 1, 1, 1, 1, 1, 1, 1, 1, 1, 1, 1, 1, 1, -1, -1, -1, -1, -1, -1, 1, -1, 1, -1, -1, 1, -1, -1, 1, -1, 1, 1, -1, -1, -1, -1, -1, -1, -1, -1, -1, -1, -1, -1, -1, 1, -1, -1]
    pmat-1x-1: 

=========> End of A: <===================



B: Testing generalized vector support
A= [1, 1, 1, 1, 1, 1, 1]
B= [-1, -1, -1, -1, -1, -1, -1, -1, -1, -1, -1, -1, -1]
C= [4, 5, -7, 0, 7, 4, 1]
D= [7, 3, -2, -4, 1, -4, -5, 0, -4, 1, -5, -6, 2]
E= [2, 2, 2, 2, 2, 2, 2]
F= [22.400000000000002, 9.600000000000001, -6.4, -12.8, 3.2, -12.8, -16.0, 0.0, -12.8, 3.2, -16.0, -19.200000000000003, 6.4]
=========> End of B: <===================



C: Testing generalized vector operators
A+C:  [5, 6, -6, 1, 8, 5, 2]
D-B:  [8, 4, -1, -3, 2, -3, -4, 1, -3, 2, -4, -5, 3]
F.B:  51.20000000000001
!!ERROR!!: add_vector: different vector lengths! (7, 13)
  File "G:\My Drive\Classes\CSS330\ClassUse\Assignments\Assignment-8+9-Part1\KelvinSung-AS8.py", line 238, in <module>
    print("A+B: ", add_vector(A, B))
  File "G:\My Drive\Classes\CSS330\ClassUse\Assignments\Assignment-8+9-Part1\KelvinSung-AS8.py", line 31, in add_vector
    traceback.print_stack(None, 2)
A+B:  []
!!ERROR!!: sub_vector: different vector lengths! (13, 7)
  File "G:\My Drive\Classes\CSS330\ClassUse\Assignments\Assignment-8+9-Part1\KelvinSung-AS8.py", line 239, in <module>
    print("D-C: ", sub_vector(D, C))
  File "G:\My Drive\Classes\CSS330\ClassUse\Assignments\Assignment-8+9-Part1\KelvinSung-AS8.py", line 41, in sub_vector
    traceback.print_stack(None, 2)
D-C:  []
!!ERROR!!: dot_vector: different vector lengths! (7, 13)
  File "G:\My Drive\Classes\CSS330\ClassUse\Assignments\Assignment-8+9-Part1\KelvinSung-AS8.py", line 240, in <module>
    print("A.B: ", dot_vector(A, B))
  File "G:\My Drive\Classes\CSS330\ClassUse\Assignments\Assignment-8+9-Part1\KelvinSung-AS8.py", line 59, in dot_vector
    traceback.print_stack(None, 2)
A.B:  []
=========> End of C: <===================



D: Testing generalized matrix operators
M= [[1, 2, 3, 4], [5, 6, 7, 8], [9, 10, 11, 12]]
transpose_mat(M): [[1, 5, 9], [2, 6, 10], [3, 7, 11], [4, 8, 12]]
transpose_mat(pmat3x3): [[17.99, 20.57, 19.69], [10.38, 17.77, 21.25], [122.8, 132.9, 130.0]]
transpose_mat(pmat20x4): [[17.99, 20.57, 19.69, 11.42, 20.29, 12.45, 18.25, 13.71, 13.0, 12.46, 16.02, 15.78, 19.17, 15.85, 13.73, 14.54, 14.68, 16.13, 19.81, 13.54], [10.38, 17.77, 21.25, 20.38, 14.34, 15.7, 19.98, 20.83, 21.82, 24.04, 23.24, 17.89, 24.8, 23.95, 22.61, 27.54, 20.13, 20.68, 22.15, 14.36], [122.8, 132.9, 130.0, 77.58, 135.1, 82.57, 119.6, 90.2, 87.5, 83.97, 102.7, 103.6, 132.4, 103.7, 93.6, 96.73, 94.74, 108.1, 130.0, 87.46], [1001.0, 1326.0, 1203.0, 386.1, 1297.0, 477.1, 1040.0, 577.9, 519.8, 475.9, 797.8, 781.0, 1123.0, 782.7, 578.3, 658.8, 684.5, 798.8, 1260.0, 566.3]]
mat_mat(pmat3x3, Ma): [[15511.2245, 16874.6269, 16538.7981], [16874.6269, 18401.3078, 18059.6358], [16538.7981, 18059.6358, 17739.2586]]
mat_mat(pmat20x4, Mb): [[1017512.2245, 1344200.6269, 1220741.7981, 396429.91420000006, 1315401.1463, 488103.6375, 1056262.5899, 590017.3183, 531525.1615999999, 487161.10659999994, 811738.791, 794972.6604, 1140984.0123, 796750.8025000001, 590854.0744999999, 671884.6837999999, 697291.6146, 813378.3171, 1277810.2989, 577999.0293999999], [1344200.6269, 1776677.3078, 1613237.6358, 522876.04400000005, 1738448.9771, 644143.2385, 1395665.2871, 778935.1438000001, 701538.7013999999, 642886.506, 1072274.1362, 1050016.9399, 1507528.9829, 1052393.556, 779949.4458, 887212.6906, 920897.6237, 1074274.5677, 1688838.0972, 763070.9289999999], [1220741.7981, 1613237.6358, 1464948.2586, 475221.63480000006, 1578558.2351, 585264.1655, 1267451.9175, 707652.2873999999, 637414.0449999999, 584179.9874, 973913.6837999999, 953701.8707, 1369085.4573, 955890.1240000001, 708613.7061999999, 805982.8176, 836486.5117, 975766.4496999999, 1533540.7464, 693200.4526], [396429.91420000006, 522876.04400000005, 475221.63480000006, 155637.62720000002, 511776.719, 191076.2356, 411438.1754, 230705.9896, 208076.1816, 190891.611, 316654.6256, 310126.1938, 444586.23740000004, 310914.624, 231160.7064, 262594.3054, 272213.2742, 317408.741, 497249.0472, 225880.8604], [1315401.1463, 1738448.9771, 1578558.2351, 511776.719, 1701078.3297, 630431.6555000001, 1365694.7657, 762299.1980999999, 686578.5188, 629184.1939999999, 1049279.6774, 1027530.0788, 1475162.8313, 1029836.8095, 763303.2690999999, 868221.7631999999, 901182.3954, 1051271.7389, 1652502.5759, 746787.595], [488103.6375, 644143.2385, 585264.1655, 191076.2356, 630431.6555000001, 234843.70740000004, 506600.2705, 283661.62450000003, 255725.879, 234517.84790000002, 389674.636, 381646.68600000005, 547343.5945, 382562.02650000004, 284161.39749999996, 322913.8771, 334896.4388, 390558.7915, 612474.4895, 277797.3272], [1056262.5899, 1395665.2871, 1267451.9175, 411438.1754, 1365694.7657, 506600.2705, 1096636.4229, 612470.3109, 551730.2136, 505686.5262, 842751.6202, 825275.9872, 1184600.3965, 827178.3035, 613328.8803, 697536.5122, 723881.0114, 844388.3189, 1326752.0895, 599946.2338], [590017.3183, 778935.1438000001, 707652.2873999999, 230705.9896, 762299.1980999999, 283661.62450000003, 612470.3109, 342726.30299999996, 308917.6606, 283268.2838, 471015.88339999993, 461273.6125, 661703.5847, 462392.25200000004, 343301.4946, 390218.56759999995, 404738.6687, 472029.04669999995, 740612.9796, 335638.41419999994], [531525.1615999999, 701538.7013999999, 637414.0449999999, 208076.1816, 686578.5188, 255725.879, 551730.2136, 308917.6606, 278493.40239999996, 255406.72779999996, 424398.04679999995, 415624.2998, 596110.7459999999, 416649.849, 309462.18019999994, 351698.05779999995, 364722.9266, 425335.9175999999, 667063.843, 302504.8451999999], [487161.10659999994, 642886.506, 584179.9874, 190891.611, 629184.1939999999, 234517.84790000002, 505686.5262, 283268.2838, 255406.72779999996, 234264.94409999996, 389055.03779999993, 381003.88639999996, 546388.3781999999, 381967.868, 283787.1822, 322488.5681, 334375.7058, 389924.20399999997, 611329.4186, 277360.109], [811738.791, 1072274.1362, 973913.6837999999, 316654.6256, 1049279.6774, 389674.636, 842751.6202, 471015.88339999993, 424398.04679999995, 389055.03779999993, 647828.868, 634390.0791999999, 910410.3353999999, 635898.5650000001, 471725.8709999999, 536397.7713999999, 556526.8928, 649123.5157999999, 1019411.1222, 461326.91919999995], [794972.6604, 1050016.9399, 953701.8707, 310126.1938, 1027530.0788, 381646.68600000005, 825275.9872, 461273.6125, 415624.2998, 381003.88639999996, 634390.0791999999, 621263.0205, 891525.8146, 622710.5985000001, 461970.41229999997, 525266.1598, 545001.3401, 635686.4565999999, 998236.8653, 451811.7176], [1140984.0123, 1507528.9829, 1369085.4573, 444586.23740000004, 1475162.8313, 547343.5945, 1184600.3965, 661703.5847, 596110.7459999999, 546388.3781999999, 910410.3353999999, 891525.8146, 1279641.2889, 893599.7845000001, 662647.4720999999, 753601.1757999999, 782017.7156, 912186.9160999999, 1433121.0777, 648150.2937999999], [796750.8025000001, 1052393.556, 955890.1240000001, 310914.624, 1029836.8095, 382562.02650000004, 827178.3035, 462392.25200000004, 416649.849, 381967.868, 635898.5650000001, 622710.5985000001, 893599.7845000001, 624197.805, 463100.86, 526563.703, 546297.4795, 637181.6765000001, 1000527.481, 452871.143], [590854.0744999999, 779949.4458, 708613.7061999999, 231160.7064, 763303.2690999999, 284161.39749999996, 613328.8803, 343301.4946, 309462.18019999994, 283787.1822, 471725.8709999999, 461970.41229999997, 662647.4720999999, 463100.86, 343891.57499999995, 390860.28159999993, 405370.70969999995, 472753.2396999999, 741598.8028, 336188.12979999994], [671884.6837999999, 887212.6906, 805982.8176, 262594.3054, 868221.7631999999, 322913.8771, 697536.5122, 390218.56759999995, 351698.05779999995, 322488.5681, 536397.7713999999, 525266.1598, 753601.1757999999, 526563.703, 390860.28159999993, 444343.99609999993, 460880.62759999995, 537510.0103999999, 843560.9484, 382130.79179999995], [697291.6146, 920897.6237, 836486.5117, 272213.2742, 901182.3954, 334896.4388, 723881.0114, 404738.6687, 364722.9266, 334375.7058, 556526.8928, 545001.3401, 782017.7156, 546297.4795, 405370.70969999995, 460880.62759999995, 478136.6369, 557673.0708, 875522.8903, 396406.1444], [813378.3171, 1074274.5677, 975766.4496999999, 317408.741, 1051271.7389, 390558.7915, 844388.3189, 472029.04669999995, 425335.9175999999, 389924.20399999997, 649123.5157999999, 635686.4565999999, 912186.9160999999, 637181.6765000001, 472753.2396999999, 537510.0103999999, 557673.0708, 650454.8892999999, 1021318.5973, 462330.23099999997], [1277810.2989, 1688838.0972, 1533540.7464, 497249.0472, 1652502.5759, 612474.4895, 1326752.0895, 740612.9796, 667063.843, 611329.4186, 1019411.1222, 998236.8653, 1433121.0777, 1000527.481, 741598.8028, 843560.9484, 875522.8903, 1021318.5973, 1605383.0586, 725494.1014], [577999.0293999999, 763070.9289999999, 693200.4526, 225880.8604, 746787.595, 277797.3272, 599946.2338, 335638.41419999994, 302504.8451999999, 277360.109, 461326.91919999995, 451811.7176, 648150.2937999999, 452871.143, 336188.12979999994, 382130.79179999995, 396406.1444, 462330.23099999997, 725494.1014, 328734.48279999994]]
mat_mat(Mb, pmat20x4): [[5252.5740000000005, 6406.0556, 34808.214100000005, 277345.348], [6406.0556, 8477.840400000001, 42475.5002, 325741.826], [34808.214100000005, 42475.5002, 230770.01429999998, 1837144.9499999997], [277345.348, 325741.826, 1837144.9499999997, 15082193.72]]
mat_vec(pmat3x3, pvec3): [151.17, 171.24, 170.94]
!!ERROR!!: mat_vec: illegal lengths! (22, 20)
  File "G:\My Drive\Classes\CSS330\ClassUse\Assignments\Assignment-8+9-Part1\KelvinSung-AS8.py", line 256, in <module>
    print("mat_vec(pmat20x22, pvec20):", mat_vec(pmat20x22, pvec20))
  File "G:\My Drive\Classes\CSS330\ClassUse\Assignments\Assignment-8+9-Part1\KelvinSung-AS8.py", line 83, in mat_vec
    traceback.print_stack(None, 2)
mat_vec(pmat20x22, pvec20): []
!!ERROR!!: mat_mat: illegal lengths! (4, 3)
  File "G:\My Drive\Classes\CSS330\ClassUse\Assignments\Assignment-8+9-Part1\KelvinSung-AS8.py", line 257, in <module>
    print("mat_mat(pmat20x4, pmat3x3):", mat_mat(pmat20x4, pmat3x3))
  File "G:\My Drive\Classes\CSS330\ClassUse\Assignments\Assignment-8+9-Part1\KelvinSung-AS8.py", line 97, in mat_mat
    traceback.print_stack(None, 2)
mat_mat(pmat20x4, pmat3x3): []
!!ERROR!!: mat_vec: illegal lengths! (4, 3)
  File "G:\My Drive\Classes\CSS330\ClassUse\Assignments\Assignment-8+9-Part1\KelvinSung-AS8.py", line 258, in <module>
    print("mat_vec(pmat20x4, pvec3):", mat_vec(pmat20x4, pvec3))
  File "G:\My Drive\Classes\CSS330\ClassUse\Assignments\Assignment-8+9-Part1\KelvinSung-AS8.py", line 83, in mat_vec
    traceback.print_stack(None, 2)
mat_vec(pmat20x4, pvec3): []
!!ERROR!!: mat_vec: illegal lengths! (3, 20)
  File "G:\My Drive\Classes\CSS330\ClassUse\Assignments\Assignment-8+9-Part1\KelvinSung-AS8.py", line 259, in <module>
    print("mat_vec(pmat3x3, pvec20):", mat_vec(pmat3x3, pvec20))
  File "G:\My Drive\Classes\CSS330\ClassUse\Assignments\Assignment-8+9-Part1\KelvinSung-AS8.py", line 83, in mat_vec
    traceback.print_stack(None, 2)
mat_vec(pmat3x3, pvec20): []
=========> End of D: <===================



E: Testing utilities: signum(u)
           A= [7, -5, 3]
   signum(A): [1, -1, 1]
           B= [5, 2, -2, 7, 6, 0, -7]
   signum(B): [1, 1, -1, 1, 1, 1, -1]
           C= [-8, -6, 4, -8, 7, 2, -1, 2, -6, -2, -1, -1, -4, 6, -6, -6]
   signum(C): [-1, -1, 1, -1, 1, 1, -1, 1, -1, -1, -1, -1, -1, 1, -1, -1]
E: Testing utilities: num_diff(u, v)
   diff(sA, -1): 2.0
   diff(sA,  1): 1.0
   diff(sB, -1): 5.0
   diff(sB,  1): 2.0
   diff(sC, -1): 5.0
   diff(sC,  1): 11.0
   sD= [1, 1, -1, 1, 1, -1, 1]
   diff(sB,  sD): 2.0
   sE= [-1, 1, 1, -1, 1, 1, -1]
   diff(sB,  sE): 3.0
E: Testing utilities: fraction_wrong(A, b, w)
   With 3 patients and 3 features
   pvec3= [1, 1, 1]
      fraction_wrong(A, u, w=+1)  : 0.0
      fraction_wrong(A, u, w=-1)  : 1.0
      Random vector: [1, -3, -2]
      fraction_wrong(A, u, w=Rand): 1.0
   With 7 patients and 13 features
   pvec7= [1, 1, 1, 1, 1, 1, 1]
      fraction_wrong(A, u, w=+1)  : 0.0
      fraction_wrong(A, u, w=-1)  : 1.0
      Random vector: [-3, -7, 0, 7, -6, -6, -4, -4, -7, -6, 4, 0, -1]
      fraction_wrong(A, u, w=Rand): 0.0
   With 20 patients and 4 features
   pvec20= [1, 1, 1, 1, 1, 1, 1, 1, 1, 1, 1, 1, 1, 1, 1, 1, 1, 1, 1, -1]
      fraction_wrong(A, u, w=+1)  : 0.05
      fraction_wrong(A, u, w=-1)  : 0.95
      Random vector: [-2, 5, 0, 6]
      fraction_wrong(A, u, w=Rand): 0.05
   With 20 patients and 22 features
   pvec20= [1, 1, 1, 1, 1, 1, 1, 1, 1, 1, 1, 1, 1, 1, 1, 1, 1, 1, 1, -1]
      fraction_wrong(A, u, w=+1)  : 0.05
      fraction_wrong(A, u, w=-1)  : 0.95
      Random vector: [7, 3, -6, 2, -5, 7, 2, -2, -1, -8, 0, -5, -1, 3, -3, 2, 5, -7, -5, -4, -1, -7]
      fraction_wrong(A, u, w=Rand): 0.05
   With 300 patients and 30 features
   pvec300= [1, 1, 1, 1, 1, 1, 1, 1, 1, 1, 1, 1, 1, 1, 1, 1, 1, 1, 1, -1, -1, -1, 1, 1, 1, 1, 1, 1, 1, 1, 1, 1, 1, 1, 1, 1, 1, -1, 1, 1, 1, 1, 1, 1, 1, 1, -1, 1, -1, -1, -1, -1, -1, 1, 1, -1, 1, 1, -1, -1, -1, -1, 1, -1, 1, 1, -1, -1, -1, -1, 1, -1, 1, 1, -1, 1, -1, 1, 1, -1, -1, -1, 1, 1, -1, 1, 1, 1, -1, -1, -1, 1, -1, -1, 1, 1, -1, -1, -1, 1, 1, -1, -1, -1, -1, 1, -1, -1, 1, -1, -1, -1, -1, -1, -1, -1, -1, 1, 1, 1, -1, 1, 1, -1, -1, -1, 1, 1, -1, 1, -1, 1, 1, -1, 1, 1, -1, -1, 1, -1, -1, 1, -1, -1, -1, -1, 1, -1, -1, -1, -1, -1, -1, -1, -1, -1, 1, -1, -1, -1, -1, 1, 1, -1, 1, -1, -1, 1, 1, -1, -1, 1, 1, -1, -1, -1, -1, 1, -1, -1, 1, 1, 1, -1, 1, -1, 1, -1, -1, -1, 1, -1, -1, 1, 1, -1, 1, 1, 1, 1, -1, 1, 1, 1, -1, 1, -1, 1, -1, -1, 1, -1, 1, 1, 1, 1, -1, -1, 1, 1, -1, -1, -1, 1, -1, -1, -1, -1, -1, 1, 1, -1, -1, 1, -1, -1, 1, 1, -1, 1, -1, -1, -1, -1, 1, -1, -1, -1, -1, -1, 1, -1, 1, 1, 1, 1, 1, 1, 1, 1, 1, 1, 1, 1, 1, 1, -1, -1, -1, -1, -1, -1, 1, -1, 1, -1, -1, 1, -1, -1, 1, -1, 1, 1, -1, -1, -1, -1, -1, -1, -1, -1, -1, -1, -1, -1, -1, 1, -1, -1]
      fraction_wrong(A, u, w=+1)  : 0.5133333333333333
      fraction_wrong(A, u, w=-1)  : 0.4866666666666667
      Random vector: [-6, -8, -5, -2, -5, 4, -6, 3, -5, -7, -8, -2, -3, -5, 7, -2, -7, -8, 5, -5, 0, -6, -1, -6, 1, 3, 5, -3, -7, 6]
      fraction_wrong(A, u, w=Rand): 0.4866666666666667
   With 300 patients and 30 features
   pvec300= [1, 1, 1, 1, 1, 1, 1, 1, 1, 1, 1, 1, 1, 1, 1, 1, 1, 1, 1, -1, -1, -1, 1, 1, 1, 1, 1, 1, 1, 1, 1, 1, 1, 1, 1, 1, 1, -1, 1, 1, 1, 1, 1, 1, 1, 1, -1, 1, -1, -1, -1, -1, -1, 1, 1, -1, 1, 1, -1, -1, -1, -1, 1, -1, 1, 1, -1, -1, -1, -1, 1, -1, 1, 1, -1, 1, -1, 1, 1, -1, -1, -1, 1, 1, -1, 1, 1, 1, -1, -1, -1, 1, -1, -1, 1, 1, -1, -1, -1, 1, 1, -1, -1, -1, -1, 1, -1, -1, 1, -1, -1, -1, -1, -1, -1, -1, -1, 1, 1, 1, -1, 1, 1, -1, -1, -1, 1, 1, -1, 1, -1, 1, 1, -1, 1, 1, -1, -1, 1, -1, -1, 1, -1, -1, -1, -1, 1, -1, -1, -1, -1, -1, -1, -1, -1, -1, 1, -1, -1, -1, -1, 1, 1, -1, 1, -1, -1, 1, 1, -1, -1, 1, 1, -1, -1, -1, -1, 1, -1, -1, 1, 1, 1, -1, 1, -1, 1, -1, -1, -1, 1, -1, -1, 1, 1, -1, 1, 1, 1, 1, -1, 1, 1, 1, -1, 1, -1, 1, -1, -1, 1, -1, 1, 1, 1, 1, -1, -1, 1, 1, -1, -1, -1, 1, -1, -1, -1, -1, -1, 1, 1, -1, -1, 1, -1, -1, 1, 1, -1, 1, -1, -1, -1, -1, 1, -1, -1, -1, -1, -1, 1, -1, 1, 1, 1, 1, 1, 1, 1, 1, 1, 1, 1, 1, 1, 1, -1, -1, -1, -1, -1, -1, 1, -1, 1, -1, -1, 1, -1, -1, 1, -1, 1, 1, -1, -1, -1, -1, -1, -1, -1, -1, -1, -1, -1, -1, -1, 1, -1, -1]
      fraction_wrong(A, u, w=+1)  : 0.5133333333333333
      fraction_wrong(A, u, w=-1)  : 0.4866666666666667
      Random vector: [-7, -5, 4, -2, 0, 3, 7, -3, -2, -7, -3, -3, 2, 0, -5, 6, -3, -8, 7, 5, 1, 3, 4, 0, -4, -8, 6, -6, 2, -7]
      fraction_wrong(A, u, w=Rand): 0.49
=========> End of E: <===================
>>> 
